UTM-SW = 11;S;468748.66626332124;3781467.7080115075
UTM-NE = 11;S;471859.8701510016;3783265.2708939146
BBOX = 468748.66626332124;3781467.7080115075;3111.203887680371;1797.5628824071027
