UTM-SW = 18;S;322268.966435389;4306743.495292495
UTM-NE = 18;S;325175.48282652174;4308288.783610578
BBOX = 322268.966435389;4306743.495292495;2906.5163911327254;1545.2883180826902
